100 5
0 2982 73 34 8 62 10 
0 5202 84 46 37 86 60 
0 2766 57 97 38 46 34 
0 3232 52 88 30 3 96 
0 2593 66 52 20 22 79 
0 5432 67 49 68 33 62 
0 1077 33 88 4 90 6 
0 3920 62 15 78 94 15 
0 1796 65 55 41 98 94 
0 2918 7 6 2 9 39 
0 4455 6 77 62 84 85 
0 1294 31 49 38 69 17 
0 5499 42 46 95 26 55 
0 1817 82 14 82 22 59 
0 1795 48 35 96 49 48 
0 3665 45 40 56 90 11 
0 4020 79 1 61 81 63 
0 3913 86 70 34 12 98 
0 2349 10 46 1 54 33 
0 2952 47 28 9 53 49 
0 2467 67 73 57 18 41 
0 4711 86 24 80 56 82 
0 2492 64 44 58 43 12 
0 1377 38 55 7 50 61 
0 3024 13 94 56 82 94 
0 5286 69 52 31 18 80 
0 5709 4 40 92 89 84 
0 4314 21 76 84 49 18 
0 5232 25 92 25 20 68 
0 1013 74 22 20 76 6 
0 3311 11 46 65 90 98 
0 3662 85 19 36 64 47 
0 4939 50 18 67 89 6 
0 2328 21 50 96 16 55 
0 5913 93 31 35 3 73 
0 2533 98 41 59 12 70 
0 4004 91 51 76 45 56 
0 4043 26 73 66 67 46 
0 2062 4 22 83 97 50 
0 5429 28 21 37 80 90 
0 2523 61 79 33 97 89 
0 1759 8 93 2 92 88 
0 2688 55 98 95 56 50 
0 2937 68 89 20 50 99 
0 4218 30 44 84 95 41 
0 4767 26 64 43 25 36 
0 4018 81 93 4 52 16 
0 3658 95 66 44 21 84 
0 3296 49 14 74 47 98 
0 4262 6 10 92 4 44 
0 2635 82 36 55 67 42 
0 5731 71 36 98 62 43 
0 2840 61 69 8 63 62 
0 5719 84 79 30 25 49 
0 1037 29 90 18 3 22 
0 3582 44 51 28 55 16 
0 2363 83 81 54 87 14 
0 1121 12 16 68 84 55 
0 3959 54 28 42 28 45 
0 2024 19 26 28 73 20 
0 5388 52 97 12 8 35 
0 1296 59 33 57 38 89 
0 2304 74 77 81 80 7 
0 2514 42 68 19 53 64 
0 5457 60 28 16 70 36 
0 3490 43 46 88 9 5 
0 4550 80 16 75 87 63 
0 2432 34 96 11 33 8 
0 5324 74 59 57 11 76 
0 4377 46 56 99 65 95 
0 3292 40 4 4 92 40 
0 5798 27 52 51 34 51 
0 4873 79 89 26 64 98 
0 2882 1 84 6 96 77 
0 2143 98 42 16 67 92 
0 2772 44 37 71 54 35 
0 2501 8 90 52 26 3 
0 4348 55 51 96 32 56 
0 4594 55 84 89 10 1 
0 3829 27 16 79 91 17 
0 5122 69 39 91 90 70 
0 2953 79 16 57 31 45 
0 5093 97 37 2 7 87 
0 5220 39 19 33 6 37 
0 1902 54 15 42 77 70 
0 5716 75 68 1 91 84 
0 3124 88 7 40 42 69 
0 3603 87 58 76 5 7 
0 1328 97 47 85 46 5 
0 5567 4 27 99 54 97 
0 5412 79 82 65 56 47 
0 4806 59 72 98 1 12 
0 2994 7 1 78 24 54 
0 4441 89 7 61 62 84 
0 4807 61 22 83 47 49 
0 3025 42 40 30 63 89 
0 1626 79 59 14 39 86 
0 3423 85 16 62 63 37 
0 2112 66 7 41 95 52 
0 5365 99 72 91 45 85 