100 10
0 2982 52 82 63 79 80 53 71 95 92 61 
0 5202 95 21 55 21 13 19 90 53 62 86 
0 2766 42 79 59 93 64 99 59 54 11 16 
0 3232 75 95 35 32 77 62 82 22 83 42 
0 2593 44 46 21 8 17 88 22 84 87 14 
0 5432 57 23 59 45 78 93 88 54 66 92 
0 1077 89 40 78 37 82 34 35 2 98 67 
0 3920 53 95 25 78 4 72 49 80 42 77 
0 1796 84 87 30 26 72 42 78 84 23 46 
0 2918 62 37 38 98 93 65 69 66 45 41 
0 4455 91 24 78 17 68 39 76 25 52 78 
0 1294 14 24 79 25 25 79 2 16 6 3 
0 5499 95 65 58 21 67 9 14 79 3 72 
0 1817 89 62 44 28 80 26 3 90 64 95 
0 1795 4 19 38 68 43 72 22 51 55 53 
0 3665 95 67 76 24 93 29 26 29 97 59 
0 4020 2 66 70 62 21 36 44 29 83 34 
0 3913 97 6 72 89 33 48 1 90 42 66 
0 2349 68 65 85 60 14 57 4 83 81 42 
0 2952 20 59 8 64 30 95 16 83 92 63 
0 2467 33 2 10 38 59 93 55 19 68 27 
0 4711 51 67 84 90 83 79 43 95 46 92 
0 2492 98 82 42 87 85 88 87 87 56 8 
0 1377 8 90 67 1 85 77 35 12 88 65 
0 3024 85 30 20 99 70 94 76 34 50 34 
0 5286 86 63 24 34 35 39 98 23 13 6 
0 5709 73 5 75 9 2 74 78 44 23 42 
0 4314 4 93 23 22 76 46 81 30 13 39 
0 5232 40 53 33 74 46 17 48 82 49 2 
0 1013 98 85 60 14 72 30 25 83 18 7 
0 3311 12 81 20 14 69 62 81 42 50 85 
0 3662 59 73 75 84 46 77 27 56 94 32 
0 4939 44 34 83 75 3 43 84 89 71 14 
0 2328 46 74 26 37 57 98 59 38 64 74 
0 5913 2 13 92 32 71 48 98 96 31 59 
0 2533 41 78 29 29 77 14 14 10 21 95 
0 4004 28 35 39 32 33 45 32 3 2 48 
0 4043 83 20 14 89 49 25 95 53 63 37 
0 2062 28 16 74 12 59 98 30 97 58 59 
0 5429 21 48 66 47 82 30 13 11 36 4 
0 2523 80 12 86 19 59 90 68 65 64 42 
0 1759 71 11 10 97 70 92 19 47 52 93 
0 2688 4 80 27 7 76 35 57 76 8 32 
0 2937 60 9 8 12 10 13 65 22 94 30 
0 4218 34 24 7 43 65 75 13 17 51 16 
0 4767 55 76 97 89 19 55 63 14 36 95 
0 4018 53 32 84 14 77 80 26 11 82 58 
0 3658 96 35 56 33 86 67 96 69 30 12 
0 3296 37 66 61 56 21 3 53 91 17 95 
0 4262 37 48 9 57 75 93 94 53 21 21 
0 2635 63 16 94 22 96 54 27 3 80 74 
0 5731 99 26 34 6 3 67 93 80 38 38 
0 2840 69 46 89 24 50 25 49 78 55 4 
0 5719 70 66 62 55 57 77 63 32 34 31 
0 1037 53 76 47 48 66 38 65 53 85 62 
0 3582 21 31 66 57 84 98 34 43 44 39 
0 2363 10 36 76 78 98 96 10 85 47 97 
0 1121 31 8 15 5 55 20 56 19 66 57 
0 3959 80 37 18 50 70 15 51 48 19 9 
0 2024 18 21 54 83 32 36 97 49 66 54 
0 5388 5 3 24 70 31 65 52 66 61 13 
0 1296 18 76 55 21 64 97 46 22 60 47 
0 2304 17 67 96 71 11 27 16 37 98 6 
0 2514 71 5 10 58 9 25 50 51 82 70 
0 5457 90 47 12 36 32 61 96 82 79 19 
0 3490 93 72 96 50 58 24 85 59 71 97 
0 4550 14 66 53 31 98 97 61 88 28 41 
0 2432 49 56 92 86 95 61 76 77 74 1 
0 5324 52 95 77 29 25 75 30 19 27 57 
0 4377 7 49 6 30 4 92 90 32 33 60 
0 3292 78 47 91 93 45 73 42 52 13 62 
0 5798 57 26 14 49 60 21 88 9 9 14 
0 4873 41 81 41 83 87 29 37 96 12 90 
0 2882 75 56 30 89 31 3 43 23 51 76 
0 2143 98 76 85 44 1 96 88 64 16 12 
0 2772 93 66 17 38 96 51 91 22 49 89 
0 2501 33 36 23 62 22 26 14 37 83 37 
0 4348 75 53 60 45 95 44 63 3 48 35 
0 4594 68 26 76 22 73 56 65 52 13 91 
0 3829 33 52 39 85 77 31 74 44 78 69 
0 5122 60 29 85 39 30 64 71 11 96 55 
0 2953 82 36 10 98 88 38 8 21 77 48 
0 5093 24 68 65 56 14 44 39 85 68 56 
0 5220 99 21 15 68 22 46 95 6 88 84 
0 1902 4 71 55 84 93 66 82 40 77 22 
0 5716 97 61 41 77 48 31 17 68 76 51 
0 3124 24 71 28 67 10 48 38 30 73 43 
0 3603 50 69 93 53 7 27 69 35 92 50 
0 1328 55 28 88 46 14 82 17 58 72 62 
0 5567 91 86 27 24 91 51 24 31 87 61 
0 5412 46 27 77 52 5 90 66 11 66 10 
0 4806 58 41 81 96 43 63 75 11 98 87 
0 2994 17 86 19 2 30 85 52 6 40 99 
0 4441 47 55 76 88 79 36 59 59 31 40 
0 4807 82 17 55 33 39 69 4 64 75 91 
0 3025 6 62 67 27 34 67 73 65 45 64 
0 1626 15 96 65 49 77 81 56 23 98 62 
0 3423 91 59 8 78 81 18 19 80 90 53 
0 2112 74 53 18 82 11 81 39 75 4 33 
0 5365 42 93 56 65 10 72 51 63 23 16 
o
2000
0.5
0.5