200 10
0 4964 17 30 28 15 52 5 53 55 81 47 
0 9404 37 26 82 67 82 44 43 65 44 51 
0 4533 22 2 88 57 17 2 43 38 46 44 
0 5465 71 29 33 64 66 98 56 76 3 27 
0 4186 79 98 69 23 62 27 48 45 93 76 
0 9864 37 67 28 9 57 10 83 99 14 4 
0 1155 69 92 92 1 58 25 34 84 86 76 
0 6840 53 51 66 2 91 27 93 67 23 49 
0 2593 59 53 92 43 42 41 95 40 59 5 
0 4837 64 82 30 73 69 59 48 93 47 25 
0 7910 11 86 67 94 48 89 63 70 76 23 
0 1588 67 47 53 96 46 36 93 45 45 67 
0 9998 27 36 93 78 18 62 91 75 64 55 
0 2635 64 23 45 14 94 29 94 91 10 40 
0 2590 59 34 7 32 83 17 32 21 4 58 
0 6330 31 66 70 23 48 37 81 72 29 26 
0 7041 43 43 58 83 81 35 69 15 69 36 
0 6826 42 71 58 29 57 47 29 73 46 83 
0 3699 56 31 17 75 93 37 44 43 68 65 
0 4904 88 36 41 55 67 52 2 62 89 91 
0 3934 71 41 56 91 19 3 66 40 48 77 
0 8423 86 6 34 44 65 87 25 43 68 62 
0 3985 6 28 62 46 49 4 60 96 13 6 
0 1755 54 43 81 59 45 50 69 39 36 57 
0 5049 92 18 44 11 22 96 44 23 85 87 
0 9573 75 64 95 20 92 74 34 79 35 4 
0 10419 83 28 50 68 41 68 68 66 25 11 
0 7628 2 13 88 3 38 30 77 19 21 60 
0 9464 60 7 19 17 26 69 31 41 44 23 
0 1027 62 13 50 55 2 17 10 71 40 87 
0 5623 83 93 25 59 90 34 57 60 20 50 
0 6325 73 93 88 18 79 95 21 72 83 18 
0 8878 55 56 1 31 17 3 56 62 76 23 
0 3656 3 72 6 84 61 24 36 17 26 24 
0 10827 71 71 45 61 81 51 26 25 50 82 
0 4067 34 28 29 55 67 55 11 59 98 16 
0 7008 40 95 2 46 18 60 6 95 6 96 
0 7087 13 96 54 77 1 61 86 47 83 37 
0 3124 62 55 71 59 36 15 2 10 51 29 
0 9858 56 58 81 98 31 38 89 94 46 19 
0 4046 28 66 22 23 85 83 28 39 99 26 
0 2518 53 3 57 18 92 62 62 53 65 56 
0 4376 71 77 16 17 6 84 63 50 46 33 
0 4874 5 80 88 70 78 44 52 99 24 53 
0 7436 73 2 5 73 83 80 12 63 47 6 
0 8535 95 82 52 38 39 48 13 59 24 95 
0 7036 23 86 23 13 74 45 43 30 32 63 
0 6316 49 16 21 77 77 54 99 67 66 84 
0 5593 17 29 21 74 85 71 11 18 48 13 
0 7524 81 24 58 79 88 10 70 12 83 6 
0 4271 88 89 96 51 25 96 82 9 3 19 
0 10463 62 96 37 48 33 23 14 41 74 16 
0 4680 35 99 46 16 36 8 39 67 97 80 
0 10438 78 15 78 93 32 56 83 52 39 37 
0 1074 90 49 87 29 82 35 4 39 80 20 
0 6165 36 78 91 28 98 72 86 90 27 62 
0 3727 46 48 9 6 3 53 93 25 70 81 
0 1242 98 64 96 82 46 13 87 13 65 52 
0 6919 75 3 93 40 68 72 82 81 1 14 
0 3049 36 63 98 9 11 38 78 3 26 67 
0 9776 74 14 31 88 30 1 32 8 46 19 
0 1593 86 95 78 51 75 69 82 66 8 86 
0 3608 67 88 20 48 42 85 24 67 74 1 
0 4028 87 9 75 1 93 2 88 51 47 53 
0 9914 68 61 18 4 36 28 45 54 19 21 
0 5981 1 24 34 77 97 18 48 85 85 33 
0 8100 87 38 48 48 1 10 67 10 62 68 
0 3864 87 50 49 6 63 70 14 95 33 28 
0 9649 7 47 69 1 86 67 34 59 96 25 
0 7755 34 42 88 32 54 95 76 64 33 69 
0 5584 1 30 30 79 33 72 1 90 5 71 
0 10596 91 97 34 40 71 64 51 28 23 60 
0 8746 7 49 22 14 1 19 15 48 43 69 
0 4765 6 79 81 20 18 60 67 57 63 99 
0 3286 46 19 50 86 75 31 57 85 10 53 
0 4545 3 80 40 40 55 29 3 78 47 77 
0 4003 45 30 73 25 62 43 37 18 73 27 
0 7697 55 24 91 94 21 17 15 59 1 29 
0 8189 92 58 7 73 71 78 50 11 19 83 
0 6659 67 43 1 44 80 28 75 67 92 22 
0 9244 13 6 71 98 5 47 80 36 31 10 
0 4906 30 95 72 94 48 78 3 24 29 42 
0 9187 27 43 8 61 87 77 9 59 68 64 
0 9440 19 99 68 65 22 92 28 24 31 80 
0 2804 51 22 49 44 5 42 44 39 92 73 
0 10433 86 99 7 75 71 86 2 1 48 91 
0 5248 20 11 47 4 69 6 71 80 87 38 
0 6206 95 99 90 17 75 19 89 58 8 60 
0 1656 79 60 59 1 72 28 24 76 90 53 
0 10135 48 42 39 12 36 18 73 59 57 38 
0 9825 83 33 49 78 54 4 28 90 40 19 
0 8613 91 68 28 51 24 24 98 92 25 14 
0 4989 78 78 22 55 55 57 17 3 49 35 
0 7882 41 26 10 53 5 82 27 51 26 10 
0 8615 61 77 96 96 40 7 90 1 35 44 
0 5050 90 1 2 92 56 4 4 55 90 97 
0 2252 57 13 88 82 8 94 13 50 99 17 
0 5846 4 67 90 20 19 9 83 15 30 50 
0 3224 21 87 69 22 7 57 43 31 5 22 
0 9731 68 31 44 13 12 82 63 99 52 19 
0 6288 87 49 74 40 44 98 68 8 12 70 
0 1014 62 90 16 43 66 54 74 44 11 88 
0 9605 69 6 90 23 39 2 12 91 72 31 
0 1186 79 76 7 30 41 71 69 83 32 7 
0 9148 69 94 14 16 60 94 38 75 81 81 
0 3428 35 76 47 76 11 69 74 66 21 58 
0 4145 25 79 48 30 31 51 98 98 81 2 
0 10657 68 66 36 59 65 80 86 77 64 89 
0 10355 14 51 62 64 16 79 72 8 45 1 
0 9094 9 14 1 72 67 85 76 6 4 80 
0 5921 74 89 63 61 19 56 53 26 10 52 
0 3201 61 87 86 13 69 79 94 47 90 15 
0 6763 58 1 49 81 56 46 45 55 11 25 
0 3890 81 65 48 25 96 71 30 39 88 11 
0 4210 52 53 3 90 78 85 39 91 52 97 
0 3613 93 19 51 67 36 52 60 78 96 90 
0 2739 44 21 80 21 56 42 69 49 92 62 
0 1018 57 98 86 70 12 66 12 23 44 69 
0 1447 89 90 97 96 37 82 83 92 54 34 
0 3411 81 45 4 99 1 91 21 68 28 66 
0 5154 69 77 58 64 50 48 25 88 85 54 
0 8016 98 54 79 68 43 70 50 9 51 84 
0 3218 78 86 28 61 58 21 47 38 21 62 
0 6039 70 2 19 36 13 82 43 60 4 71 
0 1670 3 3 93 57 55 12 58 2 42 70 
0 4930 70 88 88 86 87 94 11 8 43 60 
0 5794 62 39 44 10 20 17 63 86 55 54 
0 3181 81 56 74 57 84 45 74 62 89 52 
0 3195 61 24 18 88 28 68 6 41 4 71 
0 10162 65 91 95 59 59 60 23 66 1 9 
0 4502 65 86 2 73 65 93 94 94 97 99 
0 2926 33 80 22 43 56 30 93 54 65 41 
0 3112 62 58 7 25 2 5 26 9 38 30 
0 7336 19 54 82 37 36 31 49 75 87 23 
0 1535 57 57 52 70 41 30 30 43 58 60 
0 8834 82 42 17 97 7 71 50 9 47 1 
0 1306 78 32 59 29 23 29 47 10 53 67 
0 5440 94 5 42 33 25 82 89 79 51 55 
0 2764 65 43 51 99 81 20 43 10 40 64 
0 10321 14 80 79 34 6 13 32 97 80 21 
0 10096 9 86 93 96 67 94 45 39 20 16 
0 5728 29 47 65 65 5 47 47 30 24 94 
0 9716 70 95 27 90 89 57 68 74 77 11 
0 7955 90 86 25 52 71 95 13 52 37 90 
0 10301 86 40 60 95 86 8 86 90 13 48 
0 5550 12 31 72 3 48 46 97 12 29 85 
0 4985 40 61 29 64 50 80 2 61 28 34 
0 9933 12 12 55 21 54 32 16 34 18 7 
0 7935 64 64 58 16 21 7 27 88 22 79 
0 9387 32 17 22 70 83 34 38 27 75 95 
0 8396 18 52 58 67 27 33 53 68 24 50 
0 7512 11 56 61 13 38 33 37 14 79 78 
0 7781 40 35 89 96 79 18 94 88 99 39 
0 6772 14 60 67 57 71 29 78 74 35 79 
0 3731 22 75 14 7 53 19 84 71 45 69 
0 10353 49 10 10 30 2 74 49 14 95 27 
0 7619 95 50 40 96 9 58 25 16 46 42 
0 1474 82 66 11 98 49 52 59 46 15 15 
0 4730 7 53 99 72 79 10 36 47 7 51 
0 7181 19 58 7 31 39 70 33 54 24 44 
0 2486 95 12 20 11 28 78 15 91 45 71 
0 4773 39 66 78 36 39 59 36 89 20 32 
0 7445 71 81 6 10 70 32 47 59 35 66 
0 1256 34 51 71 20 72 20 83 39 61 49 
0 9413 89 75 48 26 70 12 24 52 97 8 
0 1770 63 71 39 67 38 98 71 91 69 7 
0 8426 85 46 58 13 48 18 7 21 78 44 
0 3559 60 88 7 60 57 12 6 90 13 1 
0 10018 91 58 17 50 11 57 55 58 53 15 
0 4776 49 73 63 28 38 73 43 74 16 6 
0 4195 46 27 73 32 37 91 82 30 94 51 
0 3114 10 26 43 49 56 46 40 63 59 91 
0 7485 19 38 14 54 64 64 78 19 64 33 
0 3513 50 48 66 46 64 92 64 18 72 77 
0 3286 65 8 59 15 68 45 96 88 13 69 
0 3509 41 14 75 49 27 86 27 22 47 28 
0 10432 58 58 96 94 36 84 99 43 22 8 
0 2367 62 89 28 63 94 15 11 60 9 8 
0 3700 45 44 12 96 65 99 91 20 68 48 
0 6487 67 16 99 43 89 8 78 32 4 7 
0 4240 64 20 63 73 23 87 97 67 67 55 
0 9650 6 69 19 19 93 61 23 1 92 51 
0 3967 77 67 26 19 14 42 48 42 49 89 
0 7800 94 80 8 81 57 25 20 95 23 61 
0 9331 24 81 72 82 93 35 99 84 37 82 
0 9763 38 82 55 69 60 64 39 37 16 39 
0 7496 73 27 67 13 82 74 53 30 39 89 
0 1731 59 5 1 85 16 40 3 12 47 47 
0 9985 61 44 23 32 69 89 65 87 94 24 
0 3535 14 38 35 34 57 4 81 13 71 79 
0 7113 59 53 6 57 8 43 47 60 36 86 
0 9418 83 16 89 69 52 12 25 92 72 60 
0 9320 3 48 93 63 98 28 36 52 67 67 
0 4725 46 16 88 49 67 68 44 51 78 10 
0 8570 16 31 86 56 19 46 29 91 13 61 
0 2092 56 79 37 37 56 23 85 76 68 60 
0 9508 40 75 53 54 38 3 26 32 36 68 
0 6593 7 14 45 60 75 70 4 81 69 72 
0 9575 79 67 32 97 69 81 9 57 28 9 
0 4430 55 70 69 44 14 14 59 71 69 47 