500 20
0 11704 36 4 25 68 60 12 86 87 84 36 92 67 23 37 61 96 46 69 90 83 
0 23693 21 19 7 75 14 46 76 25 95 54 78 77 46 51 99 4 32 97 9 32 
0 10540 87 7 94 96 46 89 99 16 35 76 46 25 96 3 36 5 76 87 8 17 
0 13057 18 29 97 60 26 80 33 47 70 91 20 31 80 57 82 58 71 22 15 46 
0 9604 33 71 25 48 29 41 25 1 9 11 45 40 86 1 94 32 45 31 69 83 
0 24933 68 79 54 26 57 55 64 20 53 51 40 38 24 67 91 79 62 1 95 70 
0 1420 24 20 78 17 96 97 64 54 52 53 86 12 69 54 16 89 23 80 76 46 
0 16770 30 84 35 42 58 93 84 31 89 30 97 20 91 68 53 39 66 31 41 36 
0 5302 44 59 63 61 1 38 11 16 47 38 14 88 21 18 91 85 27 12 24 21 
0 11360 57 30 9 32 17 55 24 91 38 6 81 55 79 52 43 57 80 32 98 42 
0 19657 93 43 84 12 89 20 92 72 9 12 60 12 94 80 71 52 33 92 72 16 
0 2589 53 33 76 15 28 43 96 24 85 39 91 29 45 10 33 76 46 55 53 37 
0 25296 76 76 88 9 24 3 62 30 15 41 15 60 86 81 7 52 45 86 23 91 
0 5415 8 33 20 74 97 26 79 28 74 8 44 79 78 20 2 44 84 22 74 86 
0 5294 10 90 68 99 42 28 7 75 83 56 41 16 91 88 41 28 50 43 17 11 
0 15392 34 42 15 53 20 29 43 3 8 86 13 55 33 22 21 79 85 68 50 6 
0 17311 1 94 23 51 17 77 37 93 28 36 86 62 18 98 3 98 57 78 85 57 
0 16732 6 61 91 51 96 51 20 59 63 33 13 68 9 15 12 47 22 42 54 95 
0 8289 19 76 85 29 37 94 3 38 43 99 80 1 23 22 19 75 77 44 52 27 
0 11542 85 87 41 55 7 93 58 5 97 44 33 4 89 23 21 74 91 3 18 1 
0 8921 47 71 24 49 69 81 65 11 52 86 7 61 54 18 23 63 43 93 1 15 
0 21044 49 5 15 42 41 7 73 56 65 50 45 40 87 64 94 36 72 43 56 87 
0 9060 59 82 87 5 24 53 7 91 26 32 99 24 60 37 82 69 44 38 3 88 
0 3039 15 92 67 3 38 6 45 27 31 51 84 63 7 61 3 79 62 18 35 92 
0 11934 44 51 27 58 12 94 62 90 72 14 39 37 12 69 87 3 92 77 94 63 
0 24149 56 3 35 82 9 37 4 63 90 73 40 19 3 66 75 63 50 44 58 26 
0 26433 20 12 82 93 99 45 61 80 83 71 38 27 60 76 29 72 2 61 8 27 
0 18896 82 21 47 13 96 51 55 55 10 16 12 65 16 51 87 17 44 84 69 81 
0 23854 4 58 40 7 28 45 80 65 85 28 57 88 58 63 22 10 30 29 49 71 
0 1074 65 66 66 92 24 7 71 99 13 83 70 57 87 17 81 76 26 20 18 26 
0 13484 15 63 51 28 79 88 15 66 59 79 98 83 43 79 44 22 69 57 92 21 
0 15380 24 46 74 59 68 64 12 45 31 19 76 61 4 21 60 25 23 3 54 33 
0 22272 52 71 20 15 54 12 47 94 87 70 11 61 39 33 12 64 19 5 41 1 
0 8171 28 79 3 59 51 15 81 81 5 58 4 86 89 81 69 18 9 9 36 62 
0 27534 80 84 46 57 65 1 29 76 9 73 46 82 98 5 82 99 66 35 27 47 
0 9283 75 56 19 26 85 24 21 2 17 99 99 49 13 96 14 36 62 98 76 57 
0 17223 45 84 27 34 39 89 33 67 52 86 99 99 90 45 2 40 69 56 66 76 
0 17435 79 72 3 95 58 38 65 19 46 99 85 81 3 41 29 36 70 14 26 77 
0 6735 33 35 11 95 53 28 92 90 41 64 3 39 3 29 21 2 78 91 44 37 
0 24919 55 48 20 58 67 3 88 51 87 26 41 4 21 49 41 66 35 7 52 33 
0 9225 97 93 35 52 62 36 5 54 22 66 12 55 52 37 47 36 84 62 42 99 
0 5100 38 56 41 88 26 55 69 22 17 47 57 49 57 96 31 25 14 51 1 57 
0 10116 83 20 4 71 54 42 42 36 33 50 55 50 7 20 77 76 96 58 21 20 
0 11461 33 19 90 42 94 31 50 77 23 67 29 79 48 72 5 78 46 99 69 1 
0 18377 37 64 77 47 26 39 90 7 31 48 27 8 70 16 33 26 74 10 78 43 
0 21345 76 30 10 73 47 72 82 93 75 92 45 17 81 70 92 42 98 66 35 92 
0 17297 93 11 55 23 50 25 74 96 14 9 84 81 26 37 15 52 15 80 23 45 
0 15353 50 41 26 92 70 10 45 23 76 61 46 34 82 27 76 42 82 88 80 4 
0 13402 27 38 28 20 50 16 66 71 71 50 92 65 13 26 52 28 48 11 85 31 
0 18617 24 93 60 50 91 34 52 37 82 63 49 60 20 12 93 78 3 79 61 60 
0 9833 84 86 86 86 12 56 71 32 50 93 67 58 56 42 69 75 92 58 48 77 
0 26552 70 58 37 61 47 67 19 72 29 32 13 75 91 62 95 11 1 38 35 64 
0 10937 14 63 51 9 41 25 41 1 9 10 66 49 95 62 2 18 12 93 75 31 
0 26485 45 99 10 27 92 18 8 41 82 56 61 16 17 24 16 66 61 51 56 42 
0 1200 4 28 31 66 59 40 73 71 40 96 79 1 76 21 29 33 2 51 28 14 
0 14948 23 45 55 41 48 27 98 48 85 69 54 76 85 46 34 43 46 75 94 86 
0 8364 66 15 99 51 52 98 55 68 48 54 49 12 89 93 36 1 75 23 11 81 
0 1656 71 28 1 43 21 9 13 1 70 43 77 46 12 72 10 25 59 46 52 41 
0 16982 7 44 18 91 76 95 27 43 16 85 21 95 34 93 92 13 87 98 4 66 
0 6534 80 70 13 7 91 88 22 37 27 96 46 18 56 71 34 82 29 73 8 90 
0 24697 26 8 21 3 79 68 93 42 34 98 92 70 26 17 12 47 6 91 80 10 
0 2602 3 67 30 33 29 4 43 79 50 64 62 21 25 83 42 13 88 77 34 6 
0 8042 29 67 58 17 30 16 96 69 80 34 54 31 55 60 3 90 18 38 73 39 
0 9176 76 75 65 90 56 50 68 43 89 26 10 32 49 76 7 15 89 57 12 49 
0 25070 85 75 19 75 39 6 56 76 43 95 38 99 74 16 10 12 37 35 93 40 
0 14451 87 50 95 29 91 11 51 27 6 54 49 25 89 63 57 19 67 54 92 45 
0 20170 80 33 44 2 57 8 13 95 7 85 51 13 66 49 15 28 57 79 1 62 
0 8733 33 51 13 66 5 52 30 95 8 91 80 47 42 50 89 31 60 36 95 72 
0 24352 29 32 99 76 25 62 66 12 44 32 14 73 91 78 42 72 74 49 98 89 
0 19239 85 87 29 48 34 14 14 66 58 88 44 3 66 74 1 41 8 68 26 45 
0 13379 33 99 5 13 93 5 35 30 67 92 19 52 59 11 13 34 28 10 50 42 
0 26910 22 67 24 93 73 7 50 7 11 82 15 46 86 34 22 87 22 33 18 12 
0 21916 20 66 56 39 9 58 62 11 69 91 18 65 13 10 20 59 75 23 89 26 
0 11166 66 32 18 72 64 24 32 90 79 79 65 85 57 49 81 55 18 92 84 68 
0 7173 91 76 45 90 22 54 13 95 20 26 1 11 54 16 59 99 5 86 26 49 
0 10572 26 34 66 11 91 39 17 43 71 87 97 78 39 27 85 10 57 97 31 79 
0 9108 68 89 58 98 55 49 35 46 71 40 14 68 34 95 4 16 82 66 3 5 
0 19083 38 9 29 71 38 63 43 71 87 98 36 33 95 35 69 74 28 41 65 83 
0 20412 52 7 29 34 30 17 87 1 59 38 75 5 96 91 11 49 10 71 50 98 
0 16280 80 86 75 37 25 26 91 4 82 56 29 56 93 8 31 16 35 52 97 61 
0 23260 74 26 5 69 99 96 92 83 94 48 75 15 77 24 5 8 84 97 77 34 
0 11546 53 80 70 79 92 53 21 12 13 51 92 35 28 93 50 49 67 10 12 52 
0 23106 37 44 60 35 15 3 84 76 22 78 38 9 10 6 86 47 87 78 39 54 
0 23788 96 53 3 90 4 74 57 14 5 15 11 7 4 60 57 59 17 16 15 57 
0 5872 87 38 67 61 73 52 33 2 29 58 39 30 38 27 82 50 71 88 14 8 
0 26471 2 32 36 86 65 21 58 91 65 32 67 59 41 7 47 72 95 32 93 72 
0 12471 35 81 8 59 39 45 93 87 7 56 80 86 41 46 4 41 93 66 95 7 
0 15057 11 46 16 14 24 91 7 78 27 70 7 29 38 33 45 24 90 77 35 22 
0 2772 85 1 84 90 93 22 53 56 41 51 56 65 49 51 37 23 30 41 90 74 
0 25664 4 53 92 3 36 22 87 3 87 2 46 87 75 57 98 18 63 96 47 67 
0 24829 15 26 81 38 46 12 91 67 32 1 41 18 88 66 62 65 3 88 62 3 
0 21556 78 83 36 34 56 98 54 55 6 7 91 12 87 97 65 85 41 27 24 16 
0 11770 83 24 93 84 75 34 8 22 46 91 96 90 26 6 89 66 56 14 78 7 
0 19582 47 35 35 26 16 26 65 33 30 34 75 45 31 8 7 17 27 61 29 35 
0 21561 80 82 92 42 28 49 6 53 22 64 84 81 61 39 4 13 46 25 17 61 
0 11935 70 2 37 59 66 27 75 25 21 53 94 27 38 67 49 83 94 93 53 51 
0 4381 41 63 68 81 55 48 19 36 79 39 17 55 49 83 16 11 98 55 76 99 
0 14085 68 44 98 99 58 62 12 11 11 59 78 73 15 90 81 69 16 93 31 14 
0 7006 8 45 54 90 16 33 82 25 46 70 37 57 88 86 48 7 49 52 3 94 
0 24574 25 26 41 9 97 98 70 77 23 88 84 45 7 65 96 83 88 97 35 18 
0 15278 79 3 18 30 51 40 14 68 42 33 39 74 28 26 68 25 15 42 84 67 
0 1038 17 66 50 83 82 71 74 23 91 81 97 57 35 6 29 71 15 95 14 54 
0 24233 20 63 52 83 89 30 10 20 74 80 91 31 23 17 50 55 65 12 12 52 
0 1504 18 37 63 17 78 12 90 75 63 54 53 23 58 95 91 8 86 33 73 14 
0 23002 76 47 98 19 22 90 39 42 48 69 53 29 97 49 55 52 29 54 8 67 
0 7557 11 23 30 41 75 64 45 11 61 2 45 15 29 71 29 1 85 4 22 27 
0 9493 37 98 23 8 60 48 36 94 70 53 89 88 45 37 34 14 73 46 79 94 
0 27074 50 2 3 91 24 63 89 61 58 33 51 57 56 15 27 85 29 12 46 1 
0 26260 20 7 73 26 82 94 82 76 12 62 35 55 67 60 39 35 98 28 1 47 
0 22854 53 48 17 61 27 11 61 11 61 23 35 7 43 40 36 61 54 80 98 62 
0 14286 77 49 57 18 60 75 34 1 57 78 86 78 89 34 47 8 90 21 25 48 
0 6943 3 27 22 31 71 5 99 18 45 1 12 66 96 18 11 22 12 6 82 1 
0 16561 69 36 60 12 43 70 76 27 31 47 7 74 40 10 9 11 47 52 63 98 
0 8803 70 10 18 63 46 25 13 97 62 35 51 71 38 31 70 40 62 87 11 56 
0 9668 92 17 67 35 67 57 64 35 68 15 70 47 22 30 20 3 44 28 6 58 
0 8055 23 22 9 94 24 38 69 63 9 12 33 28 79 39 62 2 47 80 7 54 
0 5697 29 75 61 88 26 82 32 67 81 13 61 44 96 56 85 8 75 64 26 22 
0 1049 75 71 75 78 99 99 3 99 69 18 89 8 20 18 71 34 42 45 7 21 
0 2209 53 19 2 76 15 43 16 86 92 62 33 50 70 30 64 33 29 5 50 66 
0 7511 63 33 1 56 49 82 69 67 17 45 24 55 65 91 4 79 72 32 25 59 
0 12217 47 68 89 6 12 54 13 83 70 62 87 36 93 92 21 1 25 41 99 26 
0 19943 1 82 54 38 56 72 81 69 89 15 62 58 23 6 67 17 97 15 33 60 
0 6989 67 4 86 89 43 72 32 39 9 94 52 62 24 56 36 4 45 38 85 51 
0 14605 43 37 62 10 40 27 17 63 43 19 67 58 7 86 68 16 83 80 93 64 
0 2809 86 62 23 65 34 58 52 35 71 24 15 2 96 41 42 54 83 44 9 18 
0 11612 20 89 40 1 63 91 81 13 42 72 50 65 66 17 16 99 29 9 14 36 
0 13945 96 62 33 70 11 55 9 66 59 30 44 50 45 48 34 63 6 59 95 55 
0 6889 19 7 8 41 28 7 42 7 64 35 32 54 4 28 9 4 24 65 60 7 
0 6926 57 14 49 47 75 50 29 97 32 27 71 38 69 96 96 54 95 49 36 22 
0 25737 45 26 81 85 77 1 98 9 84 48 62 42 12 52 78 47 55 42 67 44 
0 10455 73 69 92 26 1 99 14 22 18 15 83 26 21 21 74 31 41 38 47 65 
0 6202 86 80 73 8 92 46 1 76 77 22 65 99 28 41 32 31 38 45 62 65 
0 6703 37 94 73 97 4 18 35 3 54 10 74 61 48 77 30 3 47 34 61 50 
0 18109 99 2 28 58 37 94 63 61 35 85 65 11 7 58 92 38 51 33 26 63 
0 2446 9 66 55 43 3 77 40 59 25 88 65 44 91 8 14 51 47 61 65 14 
0 22152 98 34 53 45 63 70 30 37 76 32 75 30 90 77 61 26 17 65 39 9 
0 1828 69 81 78 90 19 4 52 45 42 96 32 43 22 68 11 32 46 35 74 39 
0 12990 23 74 49 94 69 76 70 67 14 17 59 19 36 61 3 62 28 32 26 73 
0 5763 61 68 49 30 28 72 10 86 49 47 25 2 36 16 61 70 41 27 57 73 
0 26168 9 31 80 54 61 71 98 56 56 27 66 3 29 94 38 11 7 66 65 53 
0 25560 72 91 94 92 59 57 64 18 79 44 13 56 78 7 85 80 68 67 61 52 
0 13766 76 90 58 92 47 66 22 42 91 64 20 92 78 34 46 62 30 71 31 10 
0 24535 71 10 7 37 24 66 10 56 59 68 55 21 95 97 75 68 63 28 12 71 
0 19780 9 61 99 19 29 60 75 23 17 68 94 91 41 23 8 84 10 92 34 28 
0 26115 11 7 29 5 16 70 27 77 85 57 33 21 15 34 86 45 95 94 69 41 
0 13287 20 72 77 83 90 85 5 17 30 99 94 80 15 19 5 92 70 79 16 53 
0 11761 53 35 12 62 91 43 94 62 71 50 11 8 67 47 44 57 19 45 73 66 
0 25119 17 41 99 91 67 38 61 68 15 7 82 5 16 23 80 85 92 56 88 26 
0 19725 30 78 38 75 81 49 79 19 21 12 51 58 18 91 75 60 70 33 96 64 
0 23645 62 19 79 71 46 60 86 98 53 84 82 36 87 43 42 42 65 51 99 42 
0 20971 53 24 31 72 75 28 13 47 3 67 56 96 79 77 21 26 81 55 27 50 
0 18584 43 45 46 72 86 8 43 51 28 91 1 75 68 99 71 28 39 62 39 61 
0 19310 2 8 40 78 93 86 54 14 60 83 7 18 64 96 35 29 72 94 78 6 
0 16584 87 39 36 98 28 6 59 45 7 54 35 18 60 55 12 23 21 72 96 79 
0 8374 51 5 46 53 78 26 81 25 42 99 77 72 30 94 17 38 28 79 29 13 
0 26255 4 20 92 40 24 92 56 81 25 98 91 32 31 90 2 35 40 8 8 67 
0 18872 23 79 17 16 51 55 66 35 77 11 63 38 79 85 58 57 80 90 81 69 
0 2280 12 8 69 36 99 43 15 94 40 76 79 23 13 10 6 11 26 6 95 26 
0 11072 51 46 67 32 31 12 52 3 8 7 4 93 35 16 2 99 2 84 94 98 
0 17691 96 10 16 17 12 55 57 11 51 51 38 15 45 73 45 53 81 72 4 60 
0 5012 31 83 30 71 68 3 64 27 61 10 75 57 41 97 64 24 4 99 75 65 
0 11187 80 56 55 26 14 48 77 72 83 7 17 58 33 7 16 19 80 98 21 26 
0 18403 35 75 98 43 1 87 19 72 8 9 36 24 62 96 22 88 8 67 5 95 
0 1693 83 26 84 63 41 82 40 65 79 89 7 77 10 60 12 98 34 82 63 6 
0 23717 38 76 42 98 24 38 95 47 37 42 63 77 91 55 72 51 60 9 6 46 
0 3079 48 35 83 10 18 9 71 84 95 97 67 51 65 82 58 64 65 95 81 68 
0 21051 4 63 56 45 22 47 35 30 47 4 18 26 2 85 38 17 9 32 77 90 
0 7911 84 62 28 70 27 72 55 78 61 66 54 78 46 36 46 72 73 27 61 14 
0 25349 20 14 40 24 99 52 98 53 11 96 24 13 65 38 42 97 93 69 47 94 
0 11196 80 49 11 69 31 44 80 69 53 71 10 80 33 33 40 14 67 3 79 50 
0 9627 92 16 66 30 54 20 29 38 43 32 34 47 71 64 11 62 30 9 95 39 
0 6708 23 9 18 16 76 57 79 77 30 74 77 98 28 79 47 25 73 12 93 90 
0 18510 79 49 47 63 9 68 65 67 49 39 42 36 47 26 95 65 44 12 81 17 
0 7785 1 85 44 58 32 96 97 29 40 6 21 52 12 6 73 48 79 45 32 92 
0 7173 67 61 18 86 52 96 37 94 73 35 70 57 79 41 40 34 66 6 83 11 
0 7774 64 27 63 22 71 68 19 61 95 45 52 96 41 13 80 78 99 74 86 89 
0 26466 99 98 22 13 92 94 81 4 43 8 54 40 62 62 58 52 89 45 34 27 
0 4691 70 36 73 60 96 94 3 95 7 76 79 27 69 86 4 45 62 79 55 24 
0 8291 46 32 59 83 63 87 59 96 80 95 56 99 32 52 16 51 40 98 28 59 
0 15815 42 83 74 69 80 66 6 99 19 59 71 35 41 46 31 60 30 84 82 38 
0 9748 15 34 88 18 22 13 33 12 12 29 4 20 13 47 80 33 2 55 48 12 
0 24357 3 13 46 73 37 19 79 83 70 54 77 58 33 88 61 17 77 19 79 19 
0 9010 10 39 13 21 20 9 31 54 9 87 47 45 99 13 71 34 6 32 82 58 
0 19361 19 17 21 83 92 32 38 15 50 40 26 42 1 28 97 92 98 42 31 21 
0 23494 14 81 23 15 88 21 82 57 11 35 67 58 57 50 16 9 62 11 21 17 
0 24660 52 84 3 15 5 79 3 91 96 71 61 19 49 62 87 71 50 73 62 79 
0 18540 95 46 99 20 31 74 80 46 61 62 27 64 91 69 19 71 53 3 9 44 
0 2974 29 50 93 2 91 69 62 46 59 99 32 97 12 64 50 93 10 26 35 27 
0 25260 16 63 13 9 39 83 38 43 48 53 84 37 12 38 46 76 93 24 84 26 
0 7846 4 81 56 4 88 1 98 94 65 23 46 66 78 11 17 11 82 54 46 65 
0 17505 78 44 59 1 51 27 22 82 54 42 39 36 29 22 80 61 23 27 74 19 
0 23731 28 56 7 66 2 39 9 21 7 23 82 91 50 38 91 93 69 52 42 73 
0 23464 48 44 58 10 62 19 83 50 3 69 9 42 95 28 88 84 41 66 15 72 
0 11059 81 81 68 62 25 80 15 16 47 93 11 52 19 9 45 8 48 53 55 18 
0 21440 88 96 49 86 42 56 31 16 97 41 41 48 79 8 88 94 2 82 79 52 
0 3948 77 8 64 37 64 61 74 16 43 85 56 76 13 78 42 19 61 38 65 14 
0 23971 5 51 94 81 92 13 23 3 69 98 57 87 24 84 35 2 75 31 99 20 
0 16101 67 64 35 65 56 18 6 10 46 38 20 84 43 16 41 9 48 72 70 75 
0 24154 98 45 81 57 38 37 98 47 22 22 56 52 96 47 16 9 36 64 62 94 
0 10263 51 41 94 41 59 33 54 44 84 53 71 81 21 31 59 76 3 90 58 48 
0 19677 37 34 75 27 86 29 42 56 86 65 58 63 52 99 97 91 31 93 20 35 
0 10320 57 79 34 90 92 72 80 87 55 82 43 69 79 91 79 25 53 56 63 82 
0 25126 73 83 32 82 86 97 95 97 99 11 1 96 59 77 98 76 18 5 83 88 
0 26885 26 16 82 33 37 86 88 14 17 38 89 19 7 91 56 28 31 14 55 13 
0 4286 76 58 94 23 34 64 36 50 38 78 49 65 48 6 10 3 32 83 43 24 
0 27501 91 13 20 40 66 74 84 98 48 76 97 98 40 95 54 23 53 13 63 82 
0 2485 42 56 36 98 39 69 80 70 61 95 35 92 51 11 6 93 73 90 42 36 
0 17598 24 55 30 34 71 3 38 23 68 30 91 55 85 78 91 40 49 1 49 75 
0 2029 79 14 82 48 73 15 47 68 48 21 1 52 92 48 84 79 64 99 6 10 
0 11164 82 65 45 16 54 3 18 11 96 84 90 87 62 91 94 95 66 13 58 36 
0 15191 81 79 65 85 56 67 91 55 43 21 5 85 90 1 75 58 7 6 71 44 
0 8611 99 91 47 4 77 31 15 10 19 31 75 2 80 77 97 48 79 38 25 92 
0 16134 89 62 49 50 2 39 71 14 39 28 22 12 63 76 89 60 36 93 52 74 
0 17395 5 55 36 84 40 20 41 33 80 67 86 25 29 13 4 33 77 70 43 85 
0 23043 2 59 65 6 20 10 33 37 3 16 29 54 76 2 79 42 79 13 21 55 
0 13056 2 21 67 26 57 19 31 35 2 5 43 80 2 8 81 53 93 48 70 11 
0 1732 42 1 71 20 43 16 37 86 99 86 56 42 74 62 94 96 92 48 14 42 
0 13740 67 11 34 80 29 77 5 57 4 87 96 41 63 74 25 18 25 9 85 67 
0 8692 75 51 94 52 53 22 36 28 90 25 29 22 82 73 67 34 94 20 41 10 
0 8903 63 84 94 59 74 75 36 83 71 38 77 23 68 65 16 39 92 80 11 83 
0 6283 96 51 8 64 27 98 11 79 31 16 36 31 94 35 82 90 68 42 10 81 
0 1474 83 18 30 85 76 78 32 3 96 33 1 23 21 14 64 23 87 73 56 82 
0 23399 63 71 64 11 94 74 94 68 36 77 95 76 28 66 5 78 58 1 13 14 
0 16475 52 43 65 25 31 30 63 82 75 47 80 58 34 28 34 47 81 36 94 60 
0 3829 9 37 1 77 76 23 2 72 17 70 39 89 28 21 55 69 96 83 50 31 
0 20790 83 68 42 77 45 63 26 76 25 27 51 17 16 72 21 77 78 40 17 12 
0 4215 24 37 41 37 52 59 88 44 24 23 87 82 6 7 43 92 34 56 91 34 
0 7044 36 39 50 42 30 39 38 11 37 88 2 97 30 8 18 56 41 52 12 8 
0 26575 67 43 63 89 7 23 49 41 32 40 50 81 94 33 76 71 1 94 31 15 
0 20954 32 31 87 79 38 33 96 87 72 57 28 72 14 89 16 57 75 57 20 15 
0 23176 4 63 72 2 31 64 12 57 40 14 35 22 79 6 28 32 55 33 81 31 
0 23305 94 71 84 1 17 31 97 58 13 6 8 3 95 1 82 71 35 76 62 46 
0 7776 21 68 93 93 23 11 9 27 32 58 4 67 37 8 51 92 29 26 50 94 
0 7925 33 86 69 48 49 45 32 39 53 73 5 31 23 53 58 11 68 17 89 40 
0 10131 72 65 25 82 24 95 65 77 50 8 89 6 97 29 77 32 48 82 49 25 
0 11481 33 82 58 65 94 23 78 23 2 97 40 23 38 95 13 62 56 9 88 90 
0 15237 67 78 71 33 34 1 95 29 74 62 99 60 52 15 44 12 8 89 3 13 
0 8193 73 74 25 52 72 2 49 36 94 13 20 22 8 55 51 7 64 45 93 70 
0 11832 24 93 57 73 20 95 4 18 67 89 36 31 34 80 42 47 40 16 13 39 
0 24514 37 7 43 92 16 85 58 42 96 44 50 96 60 35 76 15 23 2 83 27 
0 2239 59 33 54 65 6 1 25 76 19 50 32 94 52 20 86 59 43 41 23 45 
0 8953 8 3 27 81 54 38 38 17 85 24 23 54 21 11 18 98 79 87 67 17 
0 11644 17 1 75 36 96 90 79 32 33 63 24 52 86 43 54 55 64 91 48 90 
0 16120 47 34 18 49 37 21 44 28 65 73 5 9 51 13 90 8 16 38 5 27 
0 9392 63 54 16 41 44 51 47 90 39 36 17 20 20 23 60 18 69 31 13 89 
0 23209 28 8 97 3 45 50 50 45 48 59 81 99 46 20 74 65 64 41 27 38 
0 13838 98 87 91 25 97 33 16 6 56 85 22 31 16 79 63 27 47 36 96 48 
0 3460 4 25 96 25 34 43 24 25 66 50 96 50 67 86 96 75 81 48 94 6 
0 8084 57 83 12 40 80 40 76 69 63 68 17 99 31 69 22 8 2 50 25 77 
0 25760 8 57 89 63 62 58 40 74 61 52 88 36 87 53 61 53 34 51 31 61 
0 27417 78 59 26 46 4 33 61 98 40 25 98 1 76 40 20 33 23 90 9 66 
0 9966 94 3 6 1 49 71 61 63 84 81 81 80 87 9 68 12 95 1 56 90 
0 25355 82 46 91 98 1 89 66 62 92 82 94 26 82 30 93 54 50 36 5 95 
0 7497 72 24 9 69 40 91 71 80 78 64 57 68 56 89 57 40 26 47 64 70 
0 11075 16 99 76 56 63 8 7 86 81 29 61 52 18 25 32 67 27 26 92 59 
0 21311 35 3 49 25 45 84 87 32 41 20 48 29 28 79 77 72 86 64 25 17 
0 13361 39 45 4 21 32 91 20 74 77 15 44 78 21 99 46 14 7 61 96 33 
0 25316 59 12 72 68 88 56 78 34 55 68 37 94 80 23 52 88 67 55 34 87 
0 12418 45 89 23 58 23 36 88 32 70 11 53 59 18 45 56 62 1 19 13 94 
0 16279 83 88 68 54 39 10 65 89 6 20 32 93 10 66 52 38 37 40 43 91 
0 27202 41 19 1 48 80 25 32 52 38 35 88 3 82 57 74 47 94 34 96 24 
0 10554 60 77 96 95 76 8 94 71 78 60 10 79 53 63 18 19 70 20 25 4 
0 12650 52 41 66 7 7 13 82 25 12 15 90 83 15 33 43 43 36 58 95 2 
0 5835 59 52 26 64 58 65 84 29 15 29 78 9 56 18 77 53 37 90 10 77 
0 6813 99 93 62 94 53 52 7 87 36 27 74 60 23 45 88 12 51 66 56 12 
0 10103 11 90 98 1 87 15 44 79 96 87 18 68 75 2 55 44 47 35 20 14 
0 13267 71 47 63 9 69 28 31 22 57 18 22 66 37 75 97 74 83 47 52 6 
0 2207 4 50 16 1 89 43 57 77 39 29 38 6 3 71 31 93 59 7 90 22 
0 19464 85 2 18 99 3 88 73 21 55 6 14 93 57 14 49 36 3 30 30 65 
0 2678 2 24 53 94 21 34 50 87 86 44 55 37 1 25 94 98 51 74 32 75 
0 15887 96 50 93 77 7 96 15 56 98 40 15 54 93 77 14 76 52 70 45 34 
0 9536 97 80 51 53 65 67 76 26 36 98 67 6 99 56 75 26 13 91 89 9 
0 8241 34 94 31 48 34 43 1 81 24 29 55 8 87 88 13 63 5 76 4 14 
0 14520 67 40 73 30 36 12 35 89 19 34 9 93 98 80 59 87 32 19 71 67 
0 2688 19 38 44 88 81 85 73 62 95 16 41 27 40 94 86 73 54 99 6 69 
0 27050 95 35 30 77 23 9 9 86 25 47 55 82 51 1 26 25 81 6 92 35 
0 20698 58 46 96 14 25 55 84 53 21 97 97 51 27 55 18 72 15 10 56 79 
0 22770 48 34 58 27 79 11 91 17 32 30 26 33 57 37 12 62 7 64 70 4 
0 5103 69 10 72 2 64 62 70 74 49 70 44 94 23 37 67 21 72 69 34 12 
0 20035 5 74 10 16 99 80 59 13 40 23 74 97 28 63 79 46 50 96 15 23 
0 20708 72 5 57 76 59 23 81 89 84 26 68 68 58 78 87 7 65 40 6 31 
0 23749 42 56 44 29 75 14 65 8 67 77 11 21 29 17 2 38 76 43 77 42 
0 17684 55 52 73 81 8 69 74 38 76 59 6 72 79 63 62 59 95 54 23 77 
0 26797 45 69 85 18 84 68 64 51 78 81 27 17 83 9 38 5 67 50 62 39 
0 13943 89 3 28 14 77 73 5 53 16 42 70 3 99 98 63 81 67 96 93 90 
0 15231 23 40 61 54 51 16 15 90 73 23 44 93 98 95 81 14 3 32 10 95 
0 1793 54 26 63 10 21 97 45 26 28 20 18 90 34 15 39 7 46 4 14 59 
0 17405 7 29 2 44 20 26 73 76 52 58 48 44 80 29 40 93 74 42 86 76 
0 2284 67 24 83 17 24 23 49 67 59 63 66 4 53 57 85 66 10 56 92 28 
0 17004 40 81 75 81 51 50 53 64 12 98 34 10 1 23 60 58 43 90 58 71 
0 11871 73 37 73 40 48 13 84 85 85 44 12 68 11 97 59 11 32 26 4 42 
0 25418 34 93 78 40 61 6 46 48 63 40 94 38 91 28 31 44 30 14 71 59 
0 9913 19 46 66 36 19 84 8 85 40 82 48 81 96 8 31 10 64 58 11 33 
0 9392 80 15 75 62 65 97 32 58 93 42 68 33 96 8 48 18 93 27 9 23 
0 24083 7 12 66 20 60 1 19 87 68 20 47 12 24 65 64 9 40 43 56 47 
0 20822 11 74 99 12 35 83 32 91 16 14 40 61 75 76 7 73 43 87 47 91 
0 3662 69 74 43 84 10 94 34 39 38 80 94 83 91 43 76 96 85 81 73 3 
0 10192 42 29 53 83 51 9 33 10 60 14 60 64 99 24 51 61 32 98 1 22 
0 11846 75 50 65 27 18 68 14 5 75 83 53 47 9 56 83 67 78 98 98 8 
0 27599 24 86 49 80 65 63 78 90 16 13 30 51 27 77 5 87 15 1 2 8 
0 17999 79 12 84 98 26 33 73 34 27 96 46 60 45 92 84 98 82 24 79 26 
0 23462 52 50 20 67 34 51 35 21 38 33 76 39 40 61 15 38 94 98 59 21 
0 12802 51 70 69 37 60 92 24 40 59 30 70 61 51 39 99 74 70 92 16 48 
0 22363 12 50 53 91 27 58 66 44 41 55 65 53 12 37 73 36 19 41 6 88 
0 2605 53 47 92 31 11 76 81 12 98 40 15 71 34 92 82 6 2 78 31 23 
0 4648 8 72 5 13 42 63 62 32 78 31 13 15 17 9 23 41 41 52 11 42 
0 15683 16 96 1 46 76 2 9 22 60 58 64 1 4 46 77 45 41 88 8 68 
0 26122 21 46 54 64 34 33 94 67 64 77 65 32 92 16 25 73 5 66 44 38 
0 24892 62 9 78 54 26 99 3 88 21 38 43 60 59 84 61 20 90 40 10 11 
0 11527 99 13 99 99 2 87 36 78 79 26 45 58 73 15 42 35 45 7 77 79 
0 12193 31 85 8 35 31 68 85 61 8 96 82 32 40 89 94 54 79 87 67 11 
0 24135 22 20 7 92 66 2 42 9 57 17 91 45 83 58 14 13 54 59 89 18 
0 8742 30 59 81 61 41 40 21 99 95 68 69 75 70 43 13 73 49 44 52 67 
0 3909 67 94 15 29 1 6 14 30 58 26 35 98 60 12 49 39 61 75 39 3 
0 16570 24 31 32 12 5 42 1 57 45 81 55 42 31 62 34 81 3 45 36 38 
0 21995 43 80 3 93 72 38 7 13 13 93 38 36 39 67 62 80 56 58 32 63 
0 4840 56 80 7 85 5 83 34 97 9 69 7 38 79 5 17 29 55 57 77 17 
0 22834 70 77 52 48 71 10 42 59 25 2 22 34 5 63 9 44 27 94 62 1 
0 21198 22 80 95 74 4 44 24 66 56 41 80 64 74 21 53 50 57 82 35 77 
0 12070 97 90 34 90 99 41 79 49 6 32 34 58 74 74 10 30 2 47 45 72 
0 13828 19 7 4 92 14 40 97 43 62 3 9 5 1 56 49 4 8 24 70 65 
0 10300 33 23 23 97 63 38 49 65 44 41 3 77 76 27 88 4 96 12 59 29 
0 12253 34 59 22 84 82 50 11 52 31 88 15 40 53 18 23 83 36 63 29 61 
0 1638 4 57 75 45 3 50 10 35 50 54 50 27 62 48 81 31 93 87 68 25 
0 15196 4 26 71 32 45 45 42 55 99 64 5 45 49 6 40 79 19 40 62 65 
0 20383 87 64 33 29 46 10 83 74 39 94 89 7 99 99 18 72 86 28 59 95 
0 7372 29 37 32 56 33 27 29 79 90 62 22 36 18 57 34 67 38 75 31 44 
0 19761 46 2 13 59 96 9 97 37 96 3 24 20 60 85 92 61 36 14 98 82 
0 22058 19 94 65 87 31 54 67 76 67 5 42 22 92 25 19 50 82 3 28 72 
0 21594 92 51 90 38 30 13 81 99 67 99 94 13 89 47 68 9 14 83 8 34 
0 4282 56 39 90 18 85 15 35 28 10 45 15 4 43 39 43 59 46 12 75 73 
0 11003 13 57 72 81 73 61 19 21 92 69 16 14 90 53 70 83 72 21 27 19 
0 26062 28 42 88 43 94 68 14 98 53 49 98 66 18 20 21 88 49 82 64 23 
0 21682 64 42 95 85 20 12 38 87 75 69 92 66 30 66 79 63 20 27 44 61 
0 8818 66 48 30 50 42 36 55 39 53 47 26 53 71 31 20 57 36 59 3 74 
0 27558 14 42 93 63 44 49 21 60 7 49 76 75 86 22 31 62 95 17 36 61 
0 12558 66 84 4 49 66 12 35 91 4 35 54 88 70 66 85 33 63 14 79 86 
0 2020 48 48 38 35 93 72 56 52 28 8 62 15 33 95 77 26 14 90 10 22 
0 17154 78 33 38 47 74 72 18 27 26 86 43 28 2 77 65 95 14 99 61 98 
0 1421 88 2 1 14 85 39 85 50 37 22 6 20 18 89 49 11 85 79 7 31 
0 21431 54 10 57 73 9 31 35 22 8 55 24 18 76 93 82 36 64 48 52 70 
0 4528 63 37 54 75 37 29 61 93 49 16 82 58 34 70 63 29 3 3 83 51 
0 11113 94 47 84 17 16 46 66 79 59 24 71 21 49 54 48 55 75 80 17 4 
0 6872 17 26 42 71 34 79 60 4 72 25 36 50 21 67 48 63 93 60 75 75 
0 16600 39 46 84 63 25 99 34 14 29 24 15 71 74 29 36 81 58 13 52 32 
0 6552 35 38 94 79 42 48 92 53 39 7 71 38 74 95 21 5 34 52 7 99 
0 22249 6 21 25 45 46 54 22 41 87 93 23 39 93 55 16 45 84 16 56 90 
0 21205 98 57 77 44 64 85 43 93 93 91 86 41 5 39 96 44 36 62 52 25 
0 13294 96 51 58 51 58 11 12 86 13 49 46 65 67 13 63 12 16 43 32 81 
0 8702 66 27 22 20 57 3 2 28 23 11 27 96 60 28 47 95 37 20 9 50 
0 23955 72 72 46 98 24 89 27 84 96 97 60 66 17 89 85 98 26 71 9 2 
0 13150 76 99 61 43 92 19 68 49 65 94 11 76 30 60 66 80 26 83 9 27 
0 23545 91 81 93 79 84 13 38 16 32 35 55 19 62 67 42 65 83 39 53 17 
0 12616 85 29 80 66 18 16 74 10 20 74 49 16 66 36 20 82 43 77 7 96 
0 9936 64 94 19 78 87 18 98 70 11 74 50 97 26 56 24 42 24 77 79 95 
0 26673 27 48 99 16 49 54 35 43 20 49 79 80 63 55 91 4 44 38 72 31 
0 7719 6 86 3 78 45 92 83 89 25 97 46 5 21 20 60 38 72 20 13 31 
0 10633 22 94 65 25 11 52 99 45 41 65 72 71 77 59 61 97 80 60 85 43 
0 12282 31 87 71 4 21 19 38 23 87 74 23 68 49 43 97 93 8 10 38 79 
0 14420 69 50 74 5 69 39 10 45 60 31 67 89 62 93 25 33 33 26 93 2 
0 24902 16 22 13 82 93 96 54 72 60 35 16 26 97 12 86 55 21 80 41 22 
0 16205 30 33 69 82 90 54 56 46 34 23 63 81 55 62 41 82 63 32 55 62 
0 19508 94 63 7 34 69 39 98 80 85 20 76 67 90 98 20 34 50 23 94 37 
0 27129 20 51 34 66 22 73 4 36 96 22 46 37 59 69 33 16 6 63 21 12 
0 5923 84 53 14 31 21 54 17 92 36 70 99 95 18 31 72 13 43 1 33 72 
0 16330 95 12 5 20 43 97 96 96 7 3 81 15 61 4 13 76 63 51 33 25 
0 1800 92 82 12 55 82 42 86 77 92 89 90 67 92 64 95 40 43 39 54 29 
0 6506 31 54 94 49 41 31 86 26 51 67 71 37 15 26 39 80 61 28 32 79 
0 5259 47 7 39 65 44 30 73 47 19 21 18 65 36 12 86 64 42 73 29 57 
0 15785 93 71 36 14 68 42 29 34 50 59 59 44 93 81 91 78 41 63 33 22 
0 6507 81 95 46 16 79 37 96 9 10 69 65 21 22 82 54 83 6 94 86 75 
0 6704 82 74 30 44 54 43 1 47 72 34 73 22 51 71 64 41 16 71 8 73 
0 2816 67 67 74 55 64 49 97 34 41 96 62 29 56 7 23 69 10 47 80 62 
0 6213 41 30 51 66 56 11 41 35 9 45 49 46 48 70 33 81 54 33 52 79 
0 25341 88 57 72 70 46 50 38 42 40 97 47 84 69 9 67 84 3 64 86 37 
0 22115 72 36 37 98 79 20 47 50 85 85 42 1 29 80 9 40 10 96 68 74 
0 9169 70 5 9 41 44 75 53 28 18 37 48 37 86 13 92 78 64 88 57 57 
0 12394 7 33 66 44 54 30 18 73 16 92 91 43 66 82 1 72 77 80 79 37 
0 27717 35 19 30 52 5 73 16 18 8 63 54 89 40 7 83 62 13 37 72 3 
0 22522 35 85 75 97 9 28 55 66 57 1 28 24 73 13 57 10 10 70 91 67 
0 11461 12 41 48 54 84 58 21 55 3 47 59 67 79 99 67 74 64 33 78 47 
0 5912 25 43 95 15 37 81 78 9 60 45 2 59 53 28 18 2 89 90 33 36 
0 7067 43 5 95 71 98 10 53 85 73 15 45 89 82 92 28 28 29 55 40 23 
0 20909 77 12 39 60 6 46 98 91 35 2 25 53 62 99 77 89 90 22 43 21 
0 15404 45 47 32 82 98 28 46 89 60 50 29 41 37 49 70 79 58 32 53 11 
0 18947 27 83 82 24 57 99 90 83 7 63 81 42 65 40 62 34 81 41 15 89 
0 6449 80 75 63 51 82 8 62 30 25 22 52 68 49 27 73 43 43 52 31 38 
0 13658 67 16 18 12 68 64 23 57 13 46 77 58 41 83 26 17 61 68 70 26 
0 16295 12 91 41 12 46 80 50 70 66 52 22 29 12 20 23 32 77 41 35 3 
0 3631 63 72 27 88 1 21 98 15 49 94 53 16 17 86 60 66 68 8 14 16 
0 8479 94 86 13 73 59 66 74 28 48 43 63 18 3 18 30 67 44 91 1 22 
0 1467 5 16 58 71 30 18 42 62 88 3 87 56 72 34 51 24 68 23 43 68 
0 16224 41 32 91 4 12 64 25 93 47 3 96 49 24 37 9 67 64 33 6 23 
0 24947 24 83 89 49 95 17 68 73 86 2 32 71 11 35 84 83 81 46 55 52 
0 2895 68 44 2 23 28 25 78 44 1 57 18 56 53 26 32 64 50 48 7 80 
0 2674 90 91 70 2 74 58 85 2 42 2 71 1 39 90 67 21 32 78 92 29 
0 7839 97 41 43 91 98 55 26 99 1 42 97 66 38 89 35 93 9 55 7 63 
0 9290 66 43 19 15 50 16 21 87 19 54 53 41 2 49 8 47 22 66 65 77 
0 25209 15 29 27 83 87 97 20 71 84 85 1 25 9 19 3 31 1 2 84 90 
0 4619 19 63 43 97 78 10 58 65 4 40 3 42 14 54 65 40 3 37 92 16 
0 26588 55 97 68 21 42 81 35 78 71 3 31 13 97 5 27 1 84 34 70 63 
0 12595 91 70 51 47 76 28 20 23 23 2 98 54 43 28 94 68 31 96 76 96 
0 3109 99 65 32 80 85 64 54 27 76 34 72 15 39 12 52 37 88 65 6 14 
0 22159 12 90 78 68 92 64 66 13 89 33 75 81 32 81 12 91 34 62 6 86 
0 12979 73 4 93 24 68 8 92 68 60 25 38 99 38 77 41 15 46 90 8 19 
0 12371 52 75 35 54 30 82 26 65 10 16 84 11 72 11 79 40 33 48 44 63 
0 19950 24 38 15 42 32 6 82 93 29 66 53 21 20 66 54 5 66 91 19 20 
0 6125 46 42 39 37 87 19 57 43 51 31 2 45 80 79 34 13 59 28 27 97 
0 4407 65 7 89 76 23 10 47 39 92 90 92 88 72 51 31 98 78 17 74 56 
0 7697 48 27 17 55 80 77 42 42 72 82 83 44 29 89 72 87 84 75 66 25 
0 18764 19 12 51 82 26 71 8 30 38 5 20 55 72 83 13 72 64 89 31 95 
0 4712 35 45 46 65 3 57 77 24 73 90 67 21 37 87 35 6 75 35 19 51 
0 9714 19 69 58 70 92 11 62 87 7 49 20 17 85 42 6 21 56 4 14 83 
0 23207 67 78 77 30 56 66 46 46 20 89 4 23 43 44 56 63 24 71 56 66 
0 1373 99 66 64 69 67 99 69 69 58 82 11 2 19 74 89 76 30 61 8 98 
0 25940 99 2 81 40 22 77 20 54 66 26 49 50 94 29 95 61 34 87 11 48 
0 11161 11 81 74 33 21 96 98 5 71 34 50 23 24 20 94 19 52 3 4 29 
0 16715 50 76 31 33 36 22 74 30 70 7 98 74 23 93 64 74 60 61 65 89 
0 8057 34 67 34 75 85 91 91 25 66 43 8 42 95 7 88 13 39 71 25 98 
0 12170 66 98 43 81 79 77 97 99 92 85 4 55 39 43 4 84 7 24 36 62 
0 19567 74 52 81 46 72 82 7 99 6 19 23 25 63 92 36 76 91 15 89 36 
0 21350 64 63 79 43 34 13 69 1 19 73 5 56 30 5 44 27 82 13 22 40 
0 5625 8 6 74 50 27 84 59 54 16 75 77 90 6 12 90 74 38 56 7 69 
0 4488 18 11 80 89 54 67 72 64 31 84 40 43 7 4 2 44 12 72 4 87 
0 5292 77 84 76 32 97 2 12 57 38 29 49 81 32 65 35 84 2 24 56 90 
0 8904 92 72 71 19 67 5 61 25 78 63 5 74 10 85 83 30 31 72 56 26 
0 24155 85 90 41 55 37 34 88 9 7 5 98 51 29 71 59 39 31 3 71 32 
0 8529 43 84 12 26 87 94 88 47 28 54 77 71 13 40 50 41 54 32 29 38 
0 19587 63 75 71 18 95 1 80 52 26 96 67 24 39 78 10 94 87 8 33 23 
0 23650 70 17 67 87 19 47 21 24 25 71 21 42 8 5 71 53 15 13 6 9 
0 23004 13 3 37 74 42 30 64 17 19 64 59 71 24 42 98 65 53 50 4 47 
0 2312 18 87 34 52 35 4 81 81 86 83 43 39 6 87 47 53 84 14 82 12 
0 2969 28 19 16 95 70 17 38 79 93 69 70 79 98 41 35 34 11 78 39 56 
0 12636 77 47 26 81 59 10 50 70 65 40 10 8 34 31 63 89 13 66 1 90 
0 21245 94 73 76 52 79 27 11 41 18 65 62 25 58 76 88 27 42 22 79 35 
0 5102 47 13 92 15 99 73 48 13 10 29 89 61 58 37 15 88 41 87 28 54 
0 12131 77 8 7 89 34 85 21 74 92 2 7 8 7 99 80 42 27 34 17 59 
0 3767 4 56 85 43 66 55 18 28 36 51 5 96 48 18 88 95 83 30 42 43 
0 21550 12 65 54 33 66 75 42 33 71 21 51 89 57 14 97 27 61 29 93 1 
0 18328 17 82 43 26 75 9 64 19 39 38 91 56 5 62 65 69 2 9 12 96 
0 20842 84 98 31 40 28 43 68 82 24 94 52 70 5 53 15 85 52 95 38 20 
0 15780 72 78 19 48 55 26 7 33 74 29 1 61 86 90 12 35 7 58 92 83 
0 3696 69 10 39 87 2 3 81 19 97 47 5 50 15 40 77 88 53 87 60 18 
0 20772 45 2 73 10 72 88 60 29 67 80 89 39 56 76 17 1 96 21 8 59 
0 15278 51 68 31 45 93 36 81 5 78 57 96 17 9 62 7 17 34 43 62 44 
0 15025 33 15 65 73 21 75 32 98 77 87 14 33 86 45 17 63 92 29 82 58 
0 8735 14 82 18 64 54 31 15 4 12 9 96 63 75 8 40 78 75 68 61 30 
0 26577 99 73 1 33 40 69 21 46 45 27 65 14 72 32 34 44 40 31 81 72 
0 12505 49 57 16 8 7 53 89 44 13 81 63 62 97 17 53 67 52 90 18 50 
0 14345 36 66 83 11 32 96 11 20 47 89 88 12 64 58 67 4 38 95 24 1 
0 19966 97 30 5 11 73 7 42 8 36 42 30 42 12 14 81 75 90 90 57 26 
0 7972 35 5 7 4 91 25 24 37 63 81 59 56 81 11 9 37 30 48 18 86 
0 22906 80 57 11 52 71 34 34 54 32 91 3 17 70 93 24 81 83 55 23 8 
0 24771 94 74 86 8 48 53 72 47 84 81 74 42 69 68 17 40 39 78 46 49 
0 1030 38 35 38 84 43 57 11 75 30 1 76 96 92 9 82 14 63 5 98 20 
0 3891 25 58 47 81 54 45 56 22 45 42 66 23 23 49 73 17 34 66 75 2 
0 8377 80 10 70 38 91 4 68 41 50 73 93 10 13 15 91 48 87 85 62 92 
0 27567 18 76 10 85 54 40 88 56 14 34 23 58 80 14 22 17 55 37 75 86 
0 10750 90 32 4 33 33 49 99 83 33 28 42 82 34 97 13 33 88 14 47 5 
0 23053 63 67 77 64 17 77 2 49 97 26 9 95 83 71 88 1 97 85 50 36 
0 24092 55 42 8 1 47 60 66 30 17 99 20 69 99 16 75 9 87 48 72 75 
0 8814 44 54 83 70 83 80 98 72 21 70 8 98 2 92 31 35 78 67 1 12 
0 27986 93 39 74 74 74 69 69 15 78 15 43 68 78 22 10 68 49 22 10 26 
0 1236 48 41 24 87 83 92 44 93 57 97 76 71 71 96 4 38 83 26 52 13 
0 2722 68 11 76 79 78 99 32 91 12 53 58 93 45 54 65 68 54 6 76 54 
0 27127 53 91 61 65 54 86 67 65 56 86 41 15 89 50 96 29 16 31 20 64 
0 19445 15 63 33 84 58 17 23 75 22 26 57 83 86 53 14 90 15 48 37 13 
0 9142 79 26 3 15 10 11 86 41 83 13 27 16 63 98 60 15 29 10 12 9 
0 20586 4 24 58 83 81 19 21 38 60 7 49 41 18 78 69 61 16 40 3 58 
0 25936 95 70 37 20 24 6 69 13 43 69 36 57 97 39 46 32 34 98 74 56 
0 18523 95 31 52 98 75 96 30 62 28 6 14 42 64 12 56 39 55 63 58 54 
0 25725 19 22 75 8 96 90 98 1 20 57 92 19 37 35 31 46 80 78 58 72 
0 15475 58 36 34 88 19 52 31 49 58 78 80 12 36 20 6 75 90 73 53 21 
0 27370 58 44 12 58 65 28 96 13 70 69 66 78 1 65 68 92 31 25 80 47 
0 7303 9 7 52 55 23 2 71 74 54 7 80 54 88 70 97 17 88 38 84 57 
0 12301 31 61 53 8 4 19 58 46 13 74 81 86 18 17 91 66 3 67 56 25 
0 16710 37 20 92 54 80 24 83 96 82 26 43 51 4 48 14 25 41 62 90 84 
0 22068 26 99 99 40 76 38 30 58 89 44 55 34 58 24 89 43 34 30 89 75 
0 6404 54 99 56 39 40 34 98 2 31 76 25 83 63 35 70 98 66 40 55 14 
0 25328 69 91 68 81 54 7 8 14 83 9 21 22 82 79 16 68 95 86 25 88 
0 4486 15 46 30 72 26 80 72 79 81 53 24 85 17 16 42 14 26 99 7 53 
0 26073 75 52 26 14 83 67 42 39 77 97 46 9 21 91 93 55 12 7 4 48 
0 21651 81 73 90 64 89 83 33 84 39 42 64 33 23 75 83 74 69 35 29 9 
0 13953 66 96 58 99 8 24 51 85 81 90 72 47 84 83 93 62 77 80 89 5 
0 16022 21 16 1 54 4 37 2 10 23 52 48 45 80 1 23 94 31 25 59 88 
0 1326 27 95 60 39 91 55 36 41 71 42 48 75 5 36 62 80 38 69 45 58 
0 11360 87 33 37 41 30 33 58 41 77 93 63 13 2 53 14 44 80 70 85 96 
0 11196 19 64 83 69 77 88 24 94 72 34 72 72 10 43 22 59 50 86 9 67 
0 20670 33 61 96 34 85 87 24 73 33 65 83 8 21 27 20 59 9 17 47 88 
0 15682 64 26 62 58 48 81 24 19 27 85 59 75 11 64 13 54 96 26 94 33 
0 19294 20 39 3 22 17 22 81 55 12 12 66 80 93 94 19 32 74 7 8 71 
0 16923 70 33 24 57 97 91 39 92 33 11 28 99 37 26 93 87 36 91 88 38 
0 8634 26 16 62 95 15 71 71 86 58 10 62 20 89 80 90 81 56 4 71 15 
0 3911 68 58 73 57 90 33 4 13 19 32 66 48 95 82 27 70 89 90 89 87 
0 9065 5 92 55 23 16 34 84 58 64 17 94 71 16 53 21 62 33 62 28 45 
0 15276 10 53 30 20 28 40 1 45 29 24 86 78 35 37 28 24 31 37 17 93 
0 25435 49 13 20 16 94 40 20 84 93 40 75 94 54 48 77 61 21 3 50 9 
0 12807 38 44 87 26 65 68 77 35 37 25 1 50 40 6 97 91 76 28 88 64 
0 26681 25 64 14 45 2 60 51 85 79 56 28 10 43 80 98 69 75 90 20 66 
0 7273 90 89 57 37 84 58 72 86 16 45 48 95 18 83 9 50 76 24 78 93 